example_dataset/slbl_test-1_INVERSE_mask-1_thick2.asc
ncols 	 300
nrows 	 600
xllcorner 	 10.000
yllcorner 	 55.000
cellsize 	 2.000
NODATA_value 	 -99
[rows 330 to 359 of 600, columns 136 to 203 of 300]
61.0099 61.0108 61.0116 61.0124 61.0131 61.0137 61.0143 61.0148 61.0152 61.0155 61.0158 61.016 61.0161 61.0161 61.0161 61.016 61.0158 61.0155 61.0152 61.0148 61.0143 61.0137 61.0131 61.0124 61.0116 61.0108 61.0099 61.0089 61.0078 61.0066 61.0054 61.0041 61.0027 61.0013 60.9997 60.9981 60.9964 60.9947 60.9928 60.9909 60.9889 60.9869 60.9847 60.9825 60.9802 60.9778 60.9753 60.9728 60.9702 60.9675 60.9647 60.9618 60.9588 60.9558 60.9527 60.9495 60.9462 60.9428 60.9394 60.9358 60.9322 60.9285 60.9247 60.9208 60.9168 60.9128 60.9086 60.9044
61.0119 61.0129 61.0137 61.0145 61.0152 61.0158 61.0164 61.0169 61.0173 61.0176 61.0179 61.0181 61.0182 61.0182 61.0182 61.0181 61.0179 61.0176 61.0173 61.0169 61.0164 61.0158 61.0152 61.0145 61.0137 61.0129 61.0119 61.0109 61.0098 61.0087 61.0075 61.0062 61.0048 61.0033 61.0018 61.0002 60.9985 60.9967 60.9949 60.993 60.991 60.9889 60.9867 60.9845 60.9822 60.9798 60.9773 60.9748 60.9721 60.9694 60.9666 60.9637 60.9608 60.9577 60.9546 60.9514 60.9481 60.9447 60.9413 60.9377 60.9341 60.9303 60.9265 60.9226 60.9186 60.9146 60.9104 60.9061
61.014 61.0149 61.0158 61.0165 61.0172 61.0179 61.0184 61.0189 61.0193 61.0197 61.0199 61.0201 61.0202 61.0203 61.0202 61.0201 61.0199 61.0197 61.0193 61.0189 61.0184 61.0179 61.0172 61.0165 61.0158 61.0149 61.014 61.013 61.0119 61.0107 61.0095 61.0082 61.0068 61.0053 61.0038 61.0022 61.0005 60.9987 60.9969 60.9949 60.9929 60.9909 60.9887 60.9865 60.9841 60.9817 60.9793 60.9767 60.9741 60.9713 60.9685 60.9656 60.9627 60.9596 60.9565 60.9533 60.95 60.9466 60.9431 60.9395 60.9359 60.9322 60.9283 60.9244 60.9204 60.9163 60.9122 60.9079
61.016 61.0169 61.0178 61.0185 61.0193 61.0199 61.0204 61.0209 61.0213 61.0217 61.0219 61.0221 61.0222 61.0223 61.0222 61.0221 61.0219 61.0217 61.0213 61.0209 61.0204 61.0199 61.0193 61.0185 61.0178 61.0169 61.016 61.015 61.0139 61.0127 61.0115 61.0102 61.0088 61.0073 61.0058 61.0041 61.0024 61.0007 60.9988 60.9969 60.9949 60.9928 60.9906 60.9884 60.9861 60.9837 60.9812 60.9786 60.976 60.9732 60.9704 60.9675 60.9645 60.9615 60.9583 60.9551 60.9518 60.9484 60.9449 60.9413 60.9377 60.9339 60.9301 60.9262 60.9222 60.9181 60.9139 60.9096
61.0179 61.0189 61.0197 61.0205 61.0212 61.0219 61.0224 61.0229 61.0233 61.0236 61.0239 61.0241 61.0242 61.0242 61.0242 61.0241 61.0239 61.0236 61.0233 61.0229 61.0224 61.0219 61.0212 61.0205 61.0197 61.0189 61.0179 61.0169 61.0158 61.0147 61.0134 61.0121 61.0107 61.0092 61.0077 61.0061 61.0044 61.0026 61.0007 60.9988 60.9968 60.9947 60.9925 60.9903 60.9879 60.9855 60.983 60.9805 60.9778 60.9751 60.9722 60.9693 60.9664 60.9633 60.9601 60.9569 60.9536 60.9502 60.9467 60.9431 60.9394 60.9357 60.9318 60.9279 60.9239 60.9198 60.9156 60.9113
61.0198 61.0208 61.0216 61.0224 61.0231 61.0238 61.0243 61.0248 61.0252 61.0256 61.0258 61.026 61.0261 61.0262 61.0261 61.026 61.0258 61.0256 61.0252 61.0248 61.0243 61.0238 61.0231 61.0224 61.0216 61.0208 61.0198 61.0188 61.0177 61.0166 61.0153 61.014 61.0126 61.0111 61.0096 61.008 61.0062 61.0045 61.0026 61.0007 60.9986 60.9965 60.9944 60.9921 60.9898 60.9874 60.9849 60.9823 60.9796 60.9769 60.974 60.9711 60.9681 60.9651 60.9619 60.9587 60.9553 60.9519 60.9484 60.9448 60.9411 60.9374 60.9335 60.9296 60.9256 60.9214 60.9172 60.9129
61.0217 61.0227 61.0235 61.0243 61.025 61.0257 61.0262 61.0267 61.0271 61.0275 61.0277 61.0279 61.028 61.0281 61.028 61.0279 61.0277 61.0275 61.0271 61.0267 61.0262 61.0257 61.025 61.0243 61.0235 61.0227 61.0217 61.0207 61.0196 61.0184 61.0172 61.0159 61.0145 61.013 61.0114 61.0098 61.0081 61.0063 61.0044 61.0025 61.0005 60.9984 60.9962 60.9939 60.9916 60.9891 60.9866 60.984 60.9814 60.9786 60.9758 60.9729 60.9699 60.9668 60.9636 60.9604 60.957 60.9536 60.9501 60.9465 60.9428 60.9391 60.9352 60.9312 60.9272 60.9231 60.9189 60.9145
61.0235 61.0245 61.0254 61.0262 61.0269 61.0275 61.0281 61.0286 61.029 61.0293 61.0296 61.0298 61.0299 61.0299 61.0299 61.0298 61.0296 61.0293 61.029 61.0286 61.0281 61.0275 61.0269 61.0262 61.0254 61.0245 61.0235 61.0225 61.0214 61.0203 61.019 61.0177 61.0163 61.0148 61.0132 61.0116 61.0099 61.0081 61.0062 61.0043 61.0022 61.0001 60.9979 60.9957 60.9933 60.9909 60.9884 60.9858 60.9831 60.9804 60.9775 60.9746 60.9716 60.9685 60.9653 60.9621 60.9587 60.9553 60.9518 60.9482 60.9445 60.9407 60.9368 60.9329 60.9288 60.9247 60.9204 60.9161
61.0253 61.0263 61.0272 61.028 61.0287 61.0293 61.0299 61.0304 61.0308 61.0311 61.0314 61.0316 61.0317 61.0317 61.0317 61.0316 61.0314 61.0311 61.0308 61.0304 61.0299 61.0293 61.0287 61.028 61.0272 61.0263 61.0253 61.0243 61.0232 61.022 61.0208 61.0195 61.0181 61.0166 61.015 61.0134 61.0116 61.0098 61.008 61.006 61.004 61.0019 60.9997 60.9974 60.995 60.9926 60.9901 60.9875 60.9848 60.982 60.9792 60.9763 60.9733 60.9702 60.967 60.9637 60.9604 60.9569 60.9534 60.9498 60.9461 60.9423 60.9384 60.9344 60.9304 60.9262 60.922 60.9177
61.0271 61.028 61.0289 61.0297 61.0304 61.0311 61.0316 61.0321 61.0326 61.0329 61.0332 61.0333 61.0335 61.0335 61.0335 61.0333 61.0332 61.0329 61.0326 61.0321 61.0316 61.0311 61.0304 61.0297 61.0289 61.028 61.0271 61.0261 61.025 61.0238 61.0225 61.0212 61.0198 61.0183 61.0167 61.0151 61.0134 61.0116 61.0097 61.0077 61.0057 61.0036 61.0014 60.9991 60.9967 60.9943 60.9918 60.9892 60.9865 60.9837 60.9808 60.9779 60.9749 60.9718 60.9686 60.9653 60.962 60.9585 60.955 60.9513 60.9476 60.9438 60.94 60.936 60.9319 60.9278 60.9235 60.9192
61.0288 61.0298 61.0306 61.0314 61.0322 61.0328 61.0334 61.0339 61.0343 61.0346 61.0349 61.0351 61.0352 61.0352 61.0352 61.0351 61.0349 61.0346 61.0343 61.0339 61.0334 61.0328 61.0322 61.0314 61.0306 61.0298 61.0288 61.0278 61.0267 61.0255 61.0242 61.0229 61.0215 61.02 61.0184 61.0168 61.0151 61.0132 61.0114 61.0094 61.0074 61.0052 61.003 61.0007 60.9984 60.9959 60.9934 60.9908 60.9881 60.9853 60.9825 60.9795 60.9765 60.9734 60.9702 60.9669 60.9635 60.9601 60.9565 60.9529 60.9492 60.9454 60.9415 60.9375 60.9334 60.9292 60.925 60.9206
61.0305 61.0314 61.0323 61.0331 61.0338 61.0345 61.0351 61.0356 61.036 61.0363 61.0366 61.0368 61.0369 61.0369 61.0369 61.0368 61.0366 61.0363 61.036 61.0356 61.0351 61.0345 61.0338 61.0331 61.0323 61.0314 61.0305 61.0295 61.0284 61.0272 61.0259 61.0246 61.0232 61.0217 61.0201 61.0184 61.0167 61.0149 61.013 61.011 61.009 61.0069 61.0046 61.0024 61 60.9975 60.995 60.9924 60.9897 60.9869 60.984 60.9811 60.978 60.9749 60.9717 60.9684 60.9651 60.9616 60.958 60.9544 60.9507 60.9469 60.943 60.939 60.9349 60.9307 60.9264 60.9221
61.0321 61.0331 61.034 61.0348 61.0355 61.0361 61.0367 61.0372 61.0376 61.038 61.0382 61.0384 61.0385 61.0386 61.0385 61.0384 61.0382 61.038 61.0376 61.0372 61.0367 61.0361 61.0355 61.0348 61.034 61.0331 61.0321 61.0311 61.03 61.0288 61.0275 61.0262 61.0248 61.0233 61.0217 61.02 61.0183 61.0165 61.0146 61.0126 61.0106 61.0084 61.0062 61.0039 61.0016 60.9991 60.9966 60.9939 60.9912 60.9884 60.9856 60.9826 60.9796 60.9764 60.9732 60.9699 60.9666 60.9631 60.9595 60.9559 60.9521 60.9483 60.9444 60.9404 60.9363 60.9321 60.9278 60.9235
61.0337 61.0347 61.0356 61.0364 61.0371 61.0377 61.0383 61.0388 61.0392 61.0396 61.0398 61.04 61.0402 61.0402 61.0402 61.04 61.0398 61.0396 61.0392 61.0388 61.0383 61.0377 61.0371 61.0364 61.0356 61.0347 61.0337 61.0327 61.0316 61.0304 61.0291 61.0278 61.0264 61.0249 61.0233 61.0216 61.0199 61.0181 61.0162 61.0142 61.0121 61.01 61.0078 61.0055 61.0031 61.0006 60.9981 60.9955 60.9927 60.9899 60.9871 60.9841 60.9811 60.9779 60.9747 60.9714 60.968 60.9645 60.961 60.9573 60.9536 60.9497 60.9458 60.9418 60.9377 60.9335 60.9292 60.9249
61.0353 61.0363 61.0371 61.0379 61.0387 61.0393 61.0399 61.0404 61.0408 61.0412 61.0414 61.0416 61.0417 61.0418 61.0417 61.0416 61.0414 61.0412 61.0408 61.0404 61.0399 61.0393 61.0387 61.0379 61.0371 61.0363 61.0353 61.0343 61.0331 61.032 61.0307 61.0293 61.0279 61.0264 61.0248 61.0232 61.0214 61.0196 61.0177 61.0157 61.0137 61.0115 61.0093 61.007 61.0046 61.0021 60.9996 60.9969 60.9942 60.9914 60.9885 60.9856 60.9825 60.9794 60.9762 60.9728 60.9694 60.966 60.9624 60.9587 60.955 60.9511 60.9472 60.9432 60.9391 60.9349 60.9306 60.9262
61.0368 61.0378 61.0387 61.0395 61.0402 61.0409 61.0414 61.0419 61.0424 61.0427 61.043 61.0432 61.0433 61.0433 61.0433 61.0432 61.043 61.0427 61.0424 61.0419 61.0414 61.0409 61.0402 61.0395 61.0387 61.0378 61.0368 61.0358 61.0347 61.0335 61.0322 61.0309 61.0294 61.0279 61.0263 61.0247 61.0229 61.0211 61.0192 61.0172 61.0151 61.013 61.0108 61.0085 61.0061 61.0036 61.001 60.9984 60.9957 60.9929 60.99 60.987 60.9839 60.9808 60.9776 60.9742 60.9708 60.9673 60.9638 60.9601 60.9563 60.9525 60.9486 60.9445 60.9404 60.9362 60.9319 60.9275
61.0383 61.0393 61.0402 61.041 61.0417 61.0424 61.0429 61.0434 61.0439 61.0442 61.0445 61.0447 61.0448 61.0448 61.0448 61.0447 61.0445 61.0442 61.0439 61.0434 61.0429 61.0424 61.0417 61.041 61.0402 61.0393 61.0383 61.0373 61.0362 61.035 61.0337 61.0323 61.0309 61.0294 61.0278 61.0261 61.0244 61.0226 61.0206 61.0187 61.0166 61.0144 61.0122 61.0099 61.0075 61.005 61.0025 60.9998 60.9971 60.9943 60.9914 60.9884 60.9853 60.9822 60.9789 60.9756 60.9722 60.9687 60.9651 60.9614 60.9577 60.9538 60.9499 60.9458 60.9417 60.9375 60.9332 60.9288
61.0398 61.0407 61.0416 61.0424 61.0432 61.0438 61.0444 61.0449 61.0453 61.0457 61.0459 61.0461 61.0463 61.0463 61.0463 61.0461 61.0459 61.0457 61.0453 61.0449 61.0444 61.0438 61.0432 61.0424 61.0416 61.0407 61.0398 61.0387 61.0376 61.0364 61.0351 61.0338 61.0323 61.0308 61.0292 61.0276 61.0258 61.024 61.0221 61.0201 61.018 61.0158 61.0136 61.0113 61.0089 61.0064 61.0038 61.0012 60.9985 60.9956 60.9927 60.9898 60.9867 60.9835 60.9803 60.9769 60.9735 60.97 60.9664 60.9627 60.959 60.9551 60.9512 60.9471 60.943 60.9388 60.9344 60.93
61.0412 61.0422 61.0431 61.0439 61.0446 61.0453 61.0458 61.0463 61.0468 61.0471 61.0474 61.0476 61.0477 61.0477 61.0477 61.0476 61.0474 61.0471 61.0468 61.0463 61.0458 61.0453 61.0446 61.0439 61.0431 61.0422 61.0412 61.0402 61.039 61.0378 61.0365 61.0352 61.0338 61.0322 61.0306 61.029 61.0272 61.0254 61.0235 61.0215 61.0194 61.0172 61.015 61.0127 61.0102 61.0078 61.0052 61.0025 60.9998 60.997 60.9941 60.9911 60.988 60.9848 60.9816 60.9782 60.9748 60.9713 60.9677 60.964 60.9602 60.9564 60.9524 60.9484 60.9442 60.94 60.9357 60.9313
61.0426 61.0436 61.0444 61.0453 61.046 61.0466 61.0472 61.0477 61.0482 61.0485 61.0488 61.049 61.0491 61.0491 61.0491 61.049 61.0488 61.0485 61.0482 61.0477 61.0472 61.0466 61.046 61.0453 61.0444 61.0436 61.0426 61.0415 61.0404 61.0392 61.0379 61.0366 61.0351 61.0336 61.032 61.0303 61.0286 61.0267 61.0248 61.0228 61.0207 61.0186 61.0163 61.014 61.0116 61.0091 61.0065 61.0039 61.0011 60.9983 60.9954 60.9924 60.9893 60.9861 60.9829 60.9795 60.9761 60.9726 60.969 60.9653 60.9615 60.9576 60.9536 60.9496 60.9454 60.9412 60.9369 60.9324
61.0439 61.0449 61.0458 61.0466 61.0473 61.048 61.0486 61.0491 61.0495 61.0499 61.0501 61.0503 61.0504 61.0505 61.0504 61.0503 61.0501 61.0499 61.0495 61.0491 61.0486 61.048 61.0473 61.0466 61.0458 61.0449 61.0439 61.0429 61.0418 61.0406 61.0393 61.0379 61.0365 61.0349 61.0333 61.0317 61.0299 61.028 61.0261 61.0241 61.022 61.0199 61.0176 61.0153 61.0129 61.0104 61.0078 61.0051 61.0024 60.9996 60.9966 60.9936 60.9905 60.9874 60.9841 60.9808 60.9773 60.9738 60.9702 60.9665 60.9627 60.9588 60.9548 60.9508 60.9466 60.9424 60.938 60.9336
61.0453 61.0462 61.0471 61.0479 61.0487 61.0493 61.0499 61.0504 61.0508 61.0512 61.0515 61.0517 61.0518 61.0518 61.0518 61.0517 61.0515 61.0512 61.0508 61.0504 61.0499 61.0493 61.0487 61.0479 61.0471 61.0462 61.0453 61.0442 61.0431 61.0419 61.0406 61.0392 61.0378 61.0362 61.0346 61.0329 61.0312 61.0293 61.0274 61.0254 61.0233 61.0211 61.0189 61.0166 61.0141 61.0116 61.009 61.0064 61.0036 61.0008 60.9979 60.9949 60.9918 60.9886 60.9853 60.982 60.9785 60.975 60.9714 60.9677 60.9639 60.96 60.956 60.9519 60.9478 60.9435 60.9392 60.9347
61.0465 61.0475 61.0484 61.0492 61.05 61.0506 61.0512 61.0517 61.0521 61.0525 61.0528 61.0529 61.0531 61.0531 61.0531 61.0529 61.0528 61.0525 61.0521 61.0517 61.0512 61.0506 61.05 61.0492 61.0484 61.0475 61.0465 61.0455 61.0443 61.0431 61.0418 61.0405 61.039 61.0375 61.0359 61.0342 61.0324 61.0306 61.0287 61.0266 61.0246 61.0224 61.0201 61.0178 61.0154 61.0129 61.0103 61.0076 61.0048 61.002 60.9991 60.9961 60.993 60.9898 60.9865 60.9831 60.9797 60.9762 60.9725 60.9688 60.965 60.9611 60.9571 60.9531 60.9489 60.9446 60.9403 60.9358
61.0478 61.0488 61.0497 61.0505 61.0512 61.0519 61.0525 61.053 61.0534 61.0537 61.054 61.0542 61.0543 61.0544 61.0543 61.0542 61.054 61.0537 61.0534 61.053 61.0525 61.0519 61.0512 61.0505 61.0497 61.0488 61.0478 61.0467 61.0456 61.0444 61.0431 61.0417 61.0403 61.0387 61.0371 61.0354 61.0337 61.0318 61.0299 61.0279 61.0258 61.0236 61.0213 61.019 61.0166 61.014 61.0115 61.0088 61.006 61.0032 61.0002 60.9972 60.9941 60.9909 60.9876 60.9843 60.9808 60.9773 60.9737 60.9699 60.9661 60.9622 60.9582 60.9542 60.95 60.9457 60.9413 60.9369
61.049 61.05 61.0509 61.0517 61.0524 61.0531 61.0537 61.0542 61.0546 61.055 61.0552 61.0554 61.0555 61.0556 61.0555 61.0554 61.0552 61.055 61.0546 61.0542 61.0537 61.0531 61.0524 61.0517 61.0509 61.05 61.049 61.0479 61.0468 61.0456 61.0443 61.0429 61.0415 61.0399 61.0383 61.0366 61.0349 61.033 61.0311 61.029 61.0269 61.0248 61.0225 61.0202 61.0177 61.0152 61.0126 61.0099 61.0072 61.0043 61.0014 60.9984 60.9952 60.992 60.9888 60.9854 60.9819 60.9784 60.9748 60.971 60.9672 60.9633 60.9593 60.9552 60.951 60.9468 60.9424 60.9379
61.0502 61.0512 61.0521 61.0529 61.0536 61.0543 61.0549 61.0554 61.0558 61.0562 61.0564 61.0566 61.0567 61.0568 61.0567 61.0566 61.0564 61.0562 61.0558 61.0554 61.0549 61.0543 61.0536 61.0529 61.0521 61.0512 61.0502 61.0491 61.048 61.0468 61.0455 61.0441 61.0426 61.0411 61.0395 61.0378 61.036 61.0342 61.0322 61.0302 61.0281 61.0259 61.0236 61.0213 61.0189 61.0163 61.0137 61.011 61.0083 61.0054 61.0025 60.9995 60.9963 60.9931 60.9899 60.9865 60.983 60.9795 60.9758 60.9721 60.9683 60.9644 60.9604 60.9563 60.9521 60.9478 60.9434 60.9389
61.0513 61.0523 61.0532 61.054 61.0548 61.0554 61.056 61.0565 61.057 61.0573 61.0576 61.0578 61.0579 61.0579 61.0579 61.0578 61.0576 61.0573 61.057 61.0565 61.056 61.0554 61.0548 61.054 61.0532 61.0523 61.0513 61.0503 61.0491 61.0479 61.0466 61.0452 61.0438 61.0422 61.0406 61.0389 61.0371 61.0353 61.0333 61.0313 61.0292 61.027 61.0247 61.0224 61.02 61.0174 61.0148 61.0121 61.0094 61.0065 61.0036 61.0005 60.9974 60.9942 60.9909 60.9875 60.9841 60.9805 60.9769 60.9731 60.9693 60.9654 60.9614 60.9573 60.9531 60.9488 60.9444 60.9399
61.0524 61.0534 61.0543 61.0551 61.0559 61.0566 61.0571 61.0577 61.0581 61.0584 61.0587 61.0589 61.059 61.0591 61.059 61.0589 61.0587 61.0584 61.0581 61.0577 61.0571 61.0566 61.0559 61.0551 61.0543 61.0534 61.0524 61.0514 61.0502 61.049 61.0477 61.0463 61.0449 61.0433 61.0417 61.04 61.0382 61.0364 61.0344 61.0324 61.0303 61.0281 61.0258 61.0235 61.021 61.0185 61.0159 61.0132 61.0104 61.0076 61.0046 61.0016 60.9984 60.9952 60.9919 60.9886 60.9851 60.9815 60.9779 60.9741 60.9703 60.9664 60.9624 60.9582 60.954 60.9498 60.9454 60.9409
61.0535 61.0545 61.0554 61.0562 61.057 61.0576 61.0582 61.0587 61.0592 61.0595 61.0598 61.06 61.0601 61.0602 61.0601 61.06 61.0598 61.0595 61.0592 61.0587 61.0582 61.0576 61.057 61.0562 61.0554 61.0545 61.0535 61.0525 61.0513 61.0501 61.0488 61.0474 61.046 61.0444 61.0428 61.0411 61.0393 61.0374 61.0355 61.0335 61.0313 61.0291 61.0269 61.0245 61.0221 61.0195 61.0169 61.0142 61.0114 61.0086 61.0056 61.0026 60.9994 60.9962 60.9929 60.9895 60.9861 60.9825 60.9788 60.9751 60.9713 60.9673 60.9633 60.9592 60.955 60.9507 60.9463 60.9418
61.0546 61.0556 61.0565 61.0573 61.058 61.0587 61.0593 61.0598 61.0602 61.0606 61.0609 61.0611 61.0612 61.0612 61.0612 61.0611 61.0609 61.0606 61.0602 61.0598 61.0593 61.0587 61.058 61.0573 61.0565 61.0556 61.0546 61.0535 61.0524 61.0511 61.0498 61.0485 61.047 61.0454 61.0438 61.0421 61.0403 61.0385 61.0365 61.0345 61.0324 61.0302 61.0279 61.0255 61.0231 61.0205 61.0179 61.0152 61.0124 61.0096 61.0066 61.0036 61.0004 60.9972 60.9939 60.9905 60.987 60.9835 60.9798 60.976 60.9722 60.9683 60.9642 60.9601 60.9559 60.9516 60.9472 60.9427
