example_dataset/slbl_test-1_INVERSE_mask-1_thick2.asc
ncols 	 300
nrows 	 600
xllcorner 	 10.000
yllcorner 	 55.000
cellsize 	 2.000
NODATA_value 	 -99
[rows 150 to 179 of 600, columns 204 to 271 of 300]
55.9725 55.8487 55.7207 55.5885 55.452 55.311 55.1654 55.0151 54.8599 54.6996 54.5342 54.3635 54.1873 54.0055 53.8179 53.6243 53.4246 53.2186 53.006 52.7868 52.5607 52.3275 52.087 51.8391 51.5834 51.3198 51.0481 50.7679 50.4792 50.1816 49.8749 49.5588 49.2332 48.8976 48.5519 48.1958 47.8291 47.4513 47.0623 46.6618 46.2494 45.8249 45.388 44.9384 44.4757 43.9998 43.5102 43.0066 42.4889 41.9566 41.4095 40.8473 40.2697 39.6765 39.0673 38.4419 37.8 37.1415 36.4661 35.7736 35.0638 34.3365 33.5917 32.8292 32.0488 31.2507 30.4347 29.6009
56.0016 55.8787 55.7516 55.6204 55.4848 55.3448 55.2002 55.0509 54.8968 54.7376 54.5734 54.4038 54.2288 54.0482 53.8619 53.6696 53.4713 53.2666 53.0555 52.8377 52.6131 52.3814 52.1425 51.8962 51.6422 51.3803 51.1102 50.8319 50.5449 50.2491 49.9443 49.6302 49.3064 48.9729 48.6292 48.2751 47.9104 47.5347 47.1478 46.7494 46.3392 45.9169 45.4822 45.0347 44.5742 44.1004 43.613 43.1116 42.596 42.0658 41.5207 40.9605 40.3848 39.7934 39.1859 38.5622 37.9219 37.2648 36.5907 35.8993 35.1905 34.464 33.7198 32.9576 32.1774 31.3792 30.5628 29.7283
56.0345 55.9126 55.7865 55.6563 55.5219 55.383 55.2395 55.0914 54.9385 54.7806 54.6176 54.4494 54.2758 54.0966 53.9117 53.7209 53.524 53.3209 53.1114 52.8953 52.6724 52.4425 52.2053 51.9608 51.7086 51.4486 51.1806 50.9042 50.6193 50.3256 50.0229 49.7109 49.3893 49.058 48.7166 48.3649 48.0025 47.6292 47.2447 46.8487 46.441 46.0211 45.5888 45.1439 44.6859 44.2145 43.7296 43.2306 42.7174 42.1896 41.6468 41.0889 40.5154 39.9261 39.3207 38.6989 38.0604 37.405 36.7324 36.0423 35.3346 34.6091 33.8656 33.1039 32.3239 31.5256 30.7089 29.8737
56.0713 55.9504 55.8255 55.6964 55.5632 55.4255 55.2833 55.1365 54.985 54.8285 54.6669 54.5002 54.3281 54.1505 53.9672 53.778 53.5829 53.3815 53.1738 52.9595 52.7385 52.5105 52.2754 52.0329 51.7828 51.5249 51.259 50.9849 50.7022 50.4109 50.1105 49.801 49.4819 49.1531 48.8142 48.4651 48.1053 47.7347 47.3529 46.9597 46.5546 46.1375 45.7081 45.2659 44.8107 44.3421 43.8599 43.3637 42.8533 42.3281 41.788 41.2327 40.6617 40.0748 39.4717 38.8521 38.2157 37.5622 36.8913 36.2028 35.4965 34.7721 34.0294 33.2683 32.4886 31.6903 30.8732 30.0373
56.1117 55.992 55.8684 55.7406 55.6087 55.4724 55.3316 55.1863 55.0362 54.8812 54.7213 54.5562 54.3857 54.2099 54.0283 53.841 53.6477 53.4483 53.2426 53.0303 52.8114 52.5855 52.3526 52.1123 51.8646 51.609 51.3456 51.0739 50.7938 50.505 50.2073 49.9004 49.584 49.258 48.922 48.5757 48.2189 47.8512 47.4724 47.0822 46.6802 46.2662 45.8398 45.4007 44.9486 44.4832 44.0041 43.511 43.0036 42.4815 41.9443 41.3919 40.8237 40.2396 39.6391 39.022 38.3879 37.7365 37.0676 36.3809 35.6762 34.9531 34.2114 33.4511 32.6718 31.8735 31.0561 30.2195
56.1558 56.0375 55.9152 55.7889 55.6584 55.5236 55.3843 55.2406 55.0921 54.9389 54.7806 54.6173 54.4487 54.2747 54.0951 53.9098 53.7186 53.5213 53.3177 53.1077 52.891 52.6675 52.4369 52.1992 51.9539 51.701 51.4401 51.1712 50.8938 50.6078 50.313 50.0091 49.6957 49.3727 49.0398 48.6967 48.3431 47.9787 47.6032 47.2163 46.8177 46.407 45.9841 45.5484 45.0998 44.6378 44.1621 43.6724 43.1684 42.6496 42.1158 41.5665 41.0015 40.4204 39.8229 39.2086 38.5771 37.9283 37.2616 36.577 35.874 35.1525 34.4121 33.6526 32.8739 32.0757 31.2581 30.4207
56.2037 56.0867 55.9659 55.8411 55.7122 55.579 55.4414 55.2994 55.1527 55.0013 54.8449 54.6835 54.5169 54.345 54.1675 53.9843 53.7953 53.6003 53.3991 53.1915 52.9773 52.7563 52.5284 52.2933 52.0508 51.8006 51.5427 51.2766 51.0023 50.7194 50.4277 50.127 49.8169 49.4972 49.1677 48.828 48.4779 48.117 47.7451 47.3619 46.967 46.5601 46.1408 45.709 45.2641 44.8059 44.334 43.8481 43.3478 42.8327 42.3025 41.7568 41.1953 40.6176 40.0233 39.4121 38.7836 38.1376 37.4735 36.7912 36.0903 35.3705 34.6315 33.8732 33.0952 32.2973 31.4795 30.6415
56.2551 56.1397 56.0205 55.8973 55.7701 55.6386 55.5029 55.3627 55.2179 55.0684 54.9141 54.7548 54.5903 54.4206 54.2454 54.0646 53.878 53.6854 53.4867 53.2817 53.0702 52.852 52.6268 52.3946 52.155 51.908 51.6531 51.3902 51.1191 50.8396 50.5513 50.254 49.9475 49.6314 49.3056 48.9696 48.6233 48.2663 47.8983 47.519 47.1281 46.7252 46.3101 45.8823 45.4415 44.9875 44.5197 44.0379 43.5417 43.0307 42.5045 41.9628 41.4051 40.8311 40.2405 39.6328 39.0076 38.3646 37.7035 37.0238 36.3252 35.6075 34.8703 34.1132 33.3361 32.5387 31.7209 30.8823
56.3101 56.1963 56.0788 55.9574 55.832 55.7024 55.5686 55.4303 55.2876 55.1403 54.9881 54.831 54.6689 54.5015 54.3287 54.1504 53.9664 53.7764 53.5805 53.3783 53.1696 52.9543 52.7322 52.5031 52.2667 52.0229 51.7714 51.5119 51.2443 50.9683 50.6837 50.3901 50.0874 49.7752 49.4533 49.1214 48.7792 48.4263 48.0626 47.6876 47.301 46.9025 46.4918 46.0684 45.6322 45.1826 44.7193 44.242 43.7502 43.2437 42.7219 42.1845 41.631 41.0612 40.4745 39.8707 39.2492 38.6097 37.9518 37.2751 36.5792 35.8638 35.1286 34.3731 33.5972 32.8005 31.9827 31.1438
56.3686 56.2566 56.1409 56.0213 55.8978 55.7702 55.6385 55.5024 55.3618 55.2167 55.0669 54.9122 54.7524 54.5876 54.4174 54.2418 54.0605 53.8734 53.6803 53.4811 53.2755 53.0633 52.8445 52.6186 52.3857 52.1453 51.8974 51.6416 51.3777 51.1055 50.8248 50.5353 50.2366 49.9286 49.6109 49.2833 48.9455 48.5971 48.2379 47.8675 47.4856 47.0918 46.6859 46.2674 45.8359 45.3912 44.9328 44.4604 43.9735 43.4717 42.9547 42.422 41.8732 41.3079 40.7256 40.126 39.5086 38.873 38.2187 37.5454 36.8526 36.1399 35.4069 34.6534 33.8789 33.0831 32.2657 31.4264
56.4305 56.3204 56.2066 56.0891 55.9676 55.8421 55.7125 55.5787 55.4404 55.2977 55.1503 54.9981 54.841 54.6788 54.5114 54.3386 54.1602 53.9761 53.7861 53.5901 53.3877 53.1789 52.9635 52.7412 52.5118 52.2752 52.031 51.7791 51.5192 51.2512 50.9746 50.6893 50.395 50.0914 49.7783 49.4553 49.1222 48.7786 48.4243 48.0588 47.6819 47.2932 46.8924 46.479 46.0528 45.6133 45.1602 44.693 44.2113 43.7148 43.203 42.6754 42.1317 41.5714 40.9939 40.399 39.7861 39.1548 38.5045 37.8349 37.1456 36.436 35.7057 34.9544 34.1816 33.387 32.5702 31.731
56.4959 56.3878 56.276 56.1605 56.0412 55.918 55.7907 55.6592 55.5234 55.3832 55.2384 55.0889 54.9345 54.7751 54.6106 54.4408 54.2655 54.0846 53.8979 53.7052 53.5063 53.301 53.0892 52.8706 52.6451 52.4124 52.1722 51.9245 51.6688 51.4051 51.1329 50.8522 50.5625 50.2637 49.9554 49.6373 49.3092 48.9707 48.6216 48.2614 47.8898 47.5065 47.1112 46.7034 46.2827 45.8489 45.4014 44.9399 44.4639 43.9731 43.4669 42.9449 42.4067 41.8517 41.2796 40.6898 40.0818 39.4552 38.8095 38.1441 37.4587 36.7526 36.0254 35.2767 34.5061 33.713 32.8971 32.0581
56.5646 56.4586 56.3489 56.2357 56.1186 55.9977 55.8728 55.7439 55.6106 55.473 55.331 55.1843 55.0328 54.8764 54.715 54.5483 54.3763 54.1987 54.0154 53.8263 53.631 53.4295 53.2215 53.0069 52.7854 52.5568 52.3209 52.0775 51.8264 51.5672 51.2997 51.0238 50.739 50.4452 50.142 49.8292 49.5064 49.1733 48.8297 48.4751 48.1093 47.7318 47.3423 46.9404 46.5257 46.0979 45.6565 45.2011 44.7312 44.2465 43.7463 43.2304 42.6981 42.1491 41.5827 40.9985 40.396 39.7747 39.1339 38.4733 37.7921 37.0901 36.3665 35.6209 34.8527 34.0616 33.247 32.4085
56.6366 56.5327 56.4253 56.3144 56.1997 56.0813 55.9589 55.8326 55.702 55.5672 55.428 55.2843 55.1359 54.9826 54.8244 54.6611 54.4925 54.3184 54.1387 53.9533 53.7618 53.5642 53.3603 53.1498 52.9326 52.7084 52.477 52.2382 51.9917 51.7374 51.4749 51.204 50.9244 50.6359 50.3381 50.0308 49.7137 49.3864 49.0486 48.7 48.3402 47.9688 47.5856 47.19 46.7817 46.3604 45.9255 45.4766 45.0133 44.535 44.0415 43.532 43.0062 42.4636 41.9035 41.3254 40.7289 40.1133 39.4781 38.8226 38.1464 37.4489 36.7293 35.9873 35.2222 34.4335 33.6206 32.7831
56.7118 56.6102 56.5052 56.3966 56.2845 56.1686 56.0489 55.9253 55.7976 55.6657 55.5295 55.3888 55.2436 55.0936 54.9388 54.7789 54.6139 54.4435 54.2676 54.0861 53.8986 53.7052 53.5055 53.2993 53.0866 52.867 52.6403 52.4063 52.1648 51.9156 51.6583 51.3927 51.1186 50.8357 50.5436 50.2421 49.931 49.6097 49.2781 48.9358 48.5824 48.2176 47.841 47.4521 47.0507 46.6362 46.2082 45.7663 45.31 44.8388 44.3523 43.8499 43.3311 42.7953 42.242 41.6707 41.0807 40.4714 39.8423 39.1926 38.5219 37.8294 37.1146 36.3767 35.6152 34.8294 34.0187 33.1826
56.7902 56.6909 56.5883 56.4823 56.3727 56.2596 56.1426 56.0219 55.8971 55.7682 55.6352 55.4977 55.3558 55.2093 55.058 54.9018 54.7405 54.5739 54.402 54.2245 54.0413 53.8522 53.6569 53.4553 53.2472 53.0324 52.8107 52.5818 52.3455 52.1016 51.8498 51.5898 51.3214 51.0444 50.7583 50.463 50.1581 49.8433 49.5182 49.1826 48.836 48.4781 48.1084 47.7267 47.3325 46.9253 46.5047 46.0702 45.6214 45.1578 44.6788 44.1839 43.6726 43.1443 42.5985 42.0344 41.4515 40.8492 40.2268 39.5836 38.919 38.2322 37.5226 36.7895 36.0322 35.2499 34.4421 33.6079
56.8716 56.7748 56.6747 56.5713 56.4645 56.3541 56.2401 56.1222 56.0006 55.8749 55.7451 55.611 55.4725 55.3296 55.1819 55.0295 54.8721 54.7096 54.5418 54.3686 54.1897 54.0051 53.8145 53.6176 53.4145 53.2047 52.9881 52.7645 52.5337 52.2953 52.0492 51.7951 51.5328 51.2619 50.9822 50.6933 50.395 50.0869 49.7687 49.4401 49.1007 48.75 48.3878 48.0137 47.6271 47.2276 46.8149 46.3883 45.9475 45.4919 45.021 44.5343 44.0311 43.5108 42.9729 42.4167 41.8416 41.2469 40.6318 39.9958 39.3379 38.6576 37.954 37.2264 36.4739 35.6959 34.8915 34.06
56.9559 56.8617 56.7643 56.6636 56.5596 56.4521 56.3411 56.2264 56.1079 55.9855 55.859 55.7285 55.5936 55.4543 55.3105 55.162 55.0087 54.8504 54.6869 54.5181 54.3438 54.1638 53.978 53.7862 53.5881 53.3836 53.1724 52.9543 52.7291 52.4966 52.2565 52.0086 51.7525 51.4881 51.2149 50.9328 50.6415 50.3405 50.0295 49.7083 49.3764 49.0334 48.679 48.3128 47.9343 47.5431 47.1386 46.7205 46.2882 45.8412 45.379 44.9008 44.4063 43.8947 43.3655 42.8178 42.2512 41.6647 41.0578 40.4296 39.7793 39.1061 38.4093 37.6879 36.9411 36.168 35.3679 34.5397
57.0432 56.9516 56.857 56.7591 56.658 56.5535 56.4456 56.3341 56.2189 56.0999 55.977 55.85 55.7189 55.5835 55.4437 55.2993 55.1501 54.9961 54.8371 54.6729 54.5033 54.3283 54.1475 53.9608 53.768 53.5689 53.3633 53.151 52.9318 52.7053 52.4715 52.2299 51.9804 51.7227 51.4565 51.1815 50.8974 50.6038 50.3004 49.9869 49.6629 49.3281 48.9819 48.6241 48.2541 47.8715 47.4759 47.0667 46.6435 46.2056 45.7525 45.2837 44.7985 44.2962 43.7762 43.2378 42.6803 42.1029 41.5048 40.8852 40.2433 39.5781 38.8889 38.1746 37.4343 36.6672 35.8721 35.0481
57.1333 57.0445 56.9526 56.8577 56.7596 56.6582 56.5535 56.4453 56.3335 56.2181 56.0988 55.9756 55.8483 55.7169 55.5812 55.441 55.2962 55.1467 54.9923 54.8329 54.6683 54.4982 54.3226 54.1413 53.954 53.7606 53.5608 53.3545 53.1414 52.9213 52.6939 52.4591 52.2164 51.9657 51.7067 51.4391 51.1625 50.8767 50.5813 50.2759 49.9602 49.6338 49.2963 48.9473 48.5863 48.2129 47.8266 47.4268 47.0132 46.585 46.1417 45.6827 45.2074 44.7152 44.2052 43.6768 43.1292 42.5616 41.9731 41.363 40.7303 40.0741 39.3934 38.6871 37.9543 37.194 36.4049 35.5862
57.2262 57.1401 57.0512 56.9593 56.8643 56.7661 56.6647 56.5599 56.4517 56.3399 56.2243 56.105 55.9818 55.8545 55.723 55.5872 55.4469 55.3021 55.1525 54.9979 54.8384 54.6736 54.5034 54.3276 54.146 53.9584 53.7647 53.5646 53.3579 53.1444 52.9237 52.6958 52.4603 52.2169 51.9654 51.7055 51.4368 51.159 50.8719 50.575 50.268 49.9505 49.6221 49.2823 48.9308 48.567 48.1905 47.8007 47.3972 46.9792 46.5464 46.0979 45.6333 45.1517 44.6524 44.1347 43.5978 43.0409 42.463 41.8633 41.2407 40.5944 39.9231 39.226 38.5017 37.7493 36.9674 36.1549
57.3216 57.2385 57.1526 57.0638 56.972 56.8772 56.7791 56.6779 56.5733 56.4652 56.3535 56.2382 56.1191 55.996 55.8689 55.7376 55.602 55.4619 55.3173 55.1679 55.0135 54.8541 54.6895 54.5194 54.3438 54.1623 53.9748 53.7811 53.5811 53.3743 53.1607 52.9399 52.7118 52.476 52.2323 51.9804 51.7199 51.4506 51.1721 50.8841 50.5861 50.2779 49.959 49.6289 49.2873 48.9336 48.5675 48.1882 47.7953 47.3883 46.9665 46.5292 46.0758 45.6056 45.1178 44.6117 44.0864 43.541 42.9745 42.3861 41.7748 41.1393 40.4787 39.7917 39.0772 38.3338 37.5603 36.7553
57.4196 57.3395 57.2567 57.1711 57.0826 56.9911 56.8966 56.799 56.6981 56.5939 56.4863 56.375 56.2601 56.1414 56.0188 55.8922 55.7614 55.6263 55.4867 55.3425 55.1936 55.0398 54.8809 54.7167 54.5472 54.372 54.191 54.0039 53.8107 53.611 53.4046 53.1913 52.9708 52.7429 52.5073 52.2637 52.0117 51.7512 51.4817 51.2028 50.9144 50.6158 50.3068 49.9869 49.6557 49.3127 48.9573 48.5891 48.2075 47.812 47.4018 46.9764 46.535 46.077 45.6015 45.1077 44.5948 44.0618 43.5079 42.9318 42.3327 41.7093 41.0604 40.3849 39.6813 38.9483 38.1845 37.3884
57.5201 57.4431 57.3634 57.2811 57.1959 57.108 57.0171 56.9232 56.8262 56.7259 56.6223 56.5153 56.4048 56.2906 56.1726 56.0508 55.9249 55.7949 55.6605 55.5218 55.3784 55.2304 55.0774 54.9193 54.756 54.5873 54.4129 54.2328 54.0466 53.8541 53.6552 53.4496 53.2371 53.0173 52.7901 52.5551 52.312 52.0605 51.8004 51.5311 51.2525 50.964 50.6654 50.3561 50.0357 49.7038 49.3598 49.0032 48.6335 48.2501 47.8522 47.4394 47.0107 46.5656 46.1032 45.6227 45.1231 44.6036 44.063 43.5005 42.9147 42.3045 41.6687 41.0059 40.3146 39.5935 38.8409 38.0551
57.6229 57.549 57.4726 57.3936 57.312 57.2276 57.1404 57.0503 56.9573 56.8611 56.7617 56.659 56.553 56.4434 56.3302 56.2132 56.0924 55.9676 55.8386 55.7054 55.5678 55.4256 55.2787 55.1269 54.9701 54.808 54.6405 54.4674 54.2885 54.1036 53.9124 53.7148 53.5104 53.299 53.0805 52.8544 52.6204 52.3784 52.1279 51.8686 51.6002 51.3223 51.0344 50.7362 50.4271 50.1068 49.7747 49.4304 49.0731 48.7023 48.3175 47.9179 47.5028 47.0714 46.6229 46.1565 45.6712 45.1661 44.6401 44.0921 43.5209 42.9252 42.3038 41.6551 40.9777 40.2699 39.5301 38.7565
57.728 57.6573 57.5842 57.5087 57.4306 57.3499 57.2665 57.1803 57.0913 56.9992 56.9042 56.8059 56.7044 56.5996 56.4913 56.3793 56.2637 56.1443 56.0208 55.8933 55.7616 55.6255 55.4848 55.3395 55.1892 55.034 54.8736 54.7078 54.5363 54.3591 54.1759 53.9864 53.7905 53.5878 53.3782 53.1613 52.9368 52.7046 52.4641 52.2151 51.9573 51.6903 51.4136 51.1269 50.8296 50.5215 50.2018 49.8701 49.5259 49.1686 48.7974 48.4117 48.0109 47.594 47.1604 46.709 46.239 45.7494 45.239 44.7068 44.1514 43.5716 42.9659 42.3329 41.6709 40.9782 40.253 39.4934
57.8352 57.7678 57.6981 57.6261 57.5516 57.4747 57.3952 57.313 57.228 57.1403 57.0496 56.9559 56.8591 56.7591 56.6558 56.549 56.4387 56.3247 56.207 56.0853 55.9596 55.8296 55.6954 55.5566 55.4133 55.265 55.1118 54.9535 54.7898 54.6205 54.4454 54.2644 54.0771 53.8834 53.683 53.4756 53.2609 53.0387 52.8086 52.5703 52.3235 52.0677 51.8027 51.5279 51.2429 50.9474 50.6407 50.3223 49.9918 49.6484 49.2916 48.9206 48.5348 48.1333 47.7153 47.28 46.8263 46.3532 45.8596 45.3443 44.8061 44.2436 43.6552 43.0395 42.3946 41.7188 41.0102 40.2666
57.9445 57.8804 57.8142 57.7458 57.675 57.6019 57.5263 57.4482 57.3675 57.2841 57.1979 57.1089 57.0168 56.9218 56.8235 56.722 56.6172 56.5088 56.3968 56.2811 56.1615 56.038 55.9103 55.7783 55.6419 55.5009 55.3551 55.2044 55.0486 54.8874 54.7208 54.5484 54.3701 54.1855 53.9946 53.797 53.5924 53.3805 53.1611 52.9339 52.6984 52.4543 52.2013 51.9389 51.6667 51.3842 51.091 50.7865 50.4702 50.1415 49.7997 49.4442 49.0742 48.6889 48.2875 47.8691 47.4327 46.9773 46.5017 46.0047 45.485 44.9412 44.3717 43.7749 43.1491 42.4921 41.8021 41.0768
58.0556 57.995 57.9323 57.8676 57.8006 57.7314 57.6598 57.5859 57.5095 57.4305 57.3489 57.2646 57.1774 57.0874 56.9944 56.8983 56.7989 56.6963 56.5902 56.4806 56.3673 56.2503 56.1293 56.0042 55.8749 55.7413 55.6031 55.4603 55.3125 55.1597 55.0017 54.8382 54.669 54.4939 54.3127 54.1251 53.9309 53.7297 53.5214 53.3054 53.0817 52.8497 52.6091 52.3595 52.1005 51.8317 51.5525 51.2624 50.961 50.6475 50.3214 49.982 49.6286 49.2604 48.8765 48.476 48.058 47.6214 47.165 46.6876 46.1879 45.6643 45.1154 44.5393 43.9343 43.2984 42.6292 41.9245
58.1686 58.1115 58.0524 57.9914 57.9282 57.863 57.7955 57.7258 57.6538 57.5793 57.5024 57.4229 57.3408 57.2559 57.1682 57.0775 56.9838 56.887 56.787 56.6836 56.5768 56.4663 56.3522 56.2342 56.1122 55.9861 55.8557 55.7208 55.5813 55.4371 55.2878 55.1334 54.9736 54.8082 54.637 54.4598 54.2762 54.086 53.8889 53.6847 53.473 53.2534 53.0257 52.7893 52.544 52.2892 52.0246 51.7495 51.4635 51.1659 50.8563 50.5338 50.1977 49.8474 49.4819 49.1003 48.7017 48.2851 47.8491 47.3927 46.9143 46.4126 45.886 45.3325 44.7504 44.1376 43.4917 42.8102
