example_dataset/slbl_test-1_INVERSE_mask-1_thick2.asc
ncols 	 300
nrows 	 600
xllcorner 	 10.000
yllcorner 	 55.000
cellsize 	 2.000
NODATA_value 	 -99
[rows 30 to 59 of 600, columns 0 to 67 of 300]
60 60 60 60.0053 60.0105 60.0155 60.0203 60.025 60.0295 60.0338 60.038 60.0421 60.046 60.0498 60.0534 60.0569 60.0603 60.0636 60.0668 60.0698 60.0728 60.0756 60.0783 60.081 60.0836 60.086 60.0884 60.0907 60.0929 60.095 60.0971 60.0991 60.101 60.1029 60.1047 60.1064 60.1081 60.1097 60.1112 60.1127 60.1142 60.1156 60.1169 60.1182 60.1195 60.1207 60.1219 60.123 60.1241 60.1251 60.1261 60.1271 60.1281 60.129 60.1299 60.1307 60.1315 60.1323 60.1331 60.1338 60.1345 60.1352 60.1359 60.1365 60.1371 60.1377 60.1383 60.1389
60 60 60 60.0054 60.0107 60.0157 60.0206 60.0254 60.0299 60.0344 60.0386 60.0427 60.0467 60.0506 60.0543 60.0579 60.0613 60.0647 60.0679 60.071 60.074 60.0769 60.0797 60.0824 60.085 60.0875 60.09 60.0923 60.0946 60.0968 60.0989 60.1009 60.1029 60.1048 60.1066 60.1084 60.1101 60.1117 60.1133 60.1149 60.1163 60.1178 60.1191 60.1205 60.1218 60.123 60.1242 60.1254 60.1265 60.1275 60.1286 60.1296 60.1306 60.1315 60.1324 60.1333 60.1341 60.1349 60.1357 60.1365 60.1372 60.1379 60.1386 60.1392 60.1399 60.1405 60.1411 60.1416
60 60 60 60.0055 60.0108 60.0159 60.0209 60.0257 60.0304 60.0348 60.0392 60.0434 60.0474 60.0513 60.0551 60.0587 60.0623 60.0657 60.0689 60.0721 60.0752 60.0781 60.081 60.0837 60.0864 60.089 60.0915 60.0939 60.0962 60.0984 60.1005 60.1026 60.1046 60.1066 60.1084 60.1102 60.112 60.1137 60.1153 60.1169 60.1184 60.1198 60.1212 60.1226 60.1239 60.1252 60.1264 60.1276 60.1287 60.1298 60.1309 60.1319 60.1329 60.1339 60.1348 60.1357 60.1365 60.1374 60.1382 60.1389 60.1397 60.1404 60.1411 60.1418 60.1424 60.143 60.1436 60.1442
60 60 60 60.0056 60.0109 60.0161 60.0212 60.026 60.0307 60.0353 60.0397 60.0439 60.048 60.052 60.0559 60.0596 60.0631 60.0666 60.0699 60.0732 60.0763 60.0793 60.0822 60.085 60.0877 60.0903 60.0928 60.0953 60.0976 60.0999 60.1021 60.1042 60.1063 60.1082 60.1101 60.112 60.1138 60.1155 60.1171 60.1187 60.1203 60.1218 60.1232 60.1246 60.1259 60.1272 60.1285 60.1297 60.1308 60.132 60.133 60.1341 60.1351 60.1361 60.137 60.1379 60.1388 60.1396 60.1405 60.1412 60.142 60.1427 60.1435 60.1441 60.1448 60.1454 60.146 60.1466
60 60 60 60.0056 60.0111 60.0163 60.0214 60.0263 60.0311 60.0357 60.0402 60.0445 60.0486 60.0527 60.0566 60.0603 60.0639 60.0675 60.0708 60.0741 60.0773 60.0803 60.0833 60.0861 60.0889 60.0916 60.0941 60.0966 60.099 60.1013 60.1035 60.1057 60.1078 60.1098 60.1117 60.1136 60.1154 60.1172 60.1188 60.1205 60.122 60.1236 60.125 60.1264 60.1278 60.1291 60.1304 60.1316 60.1328 60.1339 60.135 60.1361 60.1371 60.1381 60.1391 60.14 60.1409 60.1418 60.1426 60.1434 60.1442 60.1449 60.1457 60.1464 60.147 60.1477 60.1483 60.1489
60 60 60 60.0057 60.0112 60.0165 60.0216 60.0266 60.0314 60.0361 60.0406 60.045 60.0492 60.0533 60.0572 60.061 60.0647 60.0683 60.0717 60.075 60.0782 60.0813 60.0843 60.0872 60.09 60.0927 60.0953 60.0978 60.1003 60.1026 60.1049 60.1071 60.1092 60.1112 60.1132 60.1151 60.1169 60.1187 60.1204 60.1221 60.1237 60.1252 60.1267 60.1281 60.1295 60.1309 60.1322 60.1334 60.1346 60.1358 60.1369 60.138 60.139 60.14 60.141 60.142 60.1429 60.1438 60.1446 60.1454 60.1462 60.147 60.1477 60.1484 60.1491 60.1498 60.1504 60.151
60 60 60 60.0057 60.0113 60.0166 60.0218 60.0269 60.0317 60.0365 60.041 60.0454 60.0497 60.0538 60.0578 60.0617 60.0654 60.069 60.0725 60.0758 60.0791 60.0822 60.0853 60.0882 60.091 60.0938 60.0964 60.099 60.1014 60.1038 60.1061 60.1083 60.1105 60.1126 60.1146 60.1165 60.1183 60.1202 60.1219 60.1236 60.1252 60.1268 60.1283 60.1297 60.1311 60.1325 60.1338 60.1351 60.1363 60.1375 60.1386 60.1397 60.1408 60.1418 60.1428 60.1438 60.1447 60.1456 60.1464 60.1473 60.1481 60.1488 60.1496 60.1503 60.151 60.1517 60.1523 60.1529
60 60 60 60.0058 60.0114 60.0168 60.022 60.0271 60.032 60.0368 60.0414 60.0458 60.0501 60.0543 60.0583 60.0622 60.066 60.0697 60.0732 60.0766 60.0799 60.083 60.0861 60.0891 60.092 60.0947 60.0974 60.1 60.1025 60.1049 60.1072 60.1095 60.1117 60.1138 60.1158 60.1177 60.1196 60.1215 60.1232 60.1249 60.1266 60.1282 60.1297 60.1312 60.1326 60.134 60.1353 60.1366 60.1378 60.139 60.1402 60.1413 60.1424 60.1434 60.1444 60.1454 60.1463 60.1472 60.1481 60.149 60.1498 60.1506 60.1513 60.152 60.1527 60.1534 60.1541 60.1547
60 60 60 60.0058 60.0114 60.0169 60.0222 60.0273 60.0323 60.0371 60.0417 60.0462 60.0506 60.0548 60.0588 60.0628 60.0666 60.0703 60.0738 60.0773 60.0806 60.0838 60.0869 60.0899 60.0928 60.0956 60.0983 60.1009 60.1035 60.1059 60.1083 60.1105 60.1127 60.1149 60.1169 60.1189 60.1208 60.1227 60.1244 60.1262 60.1278 60.1294 60.131 60.1325 60.1339 60.1353 60.1367 60.138 60.1392 60.1404 60.1416 60.1427 60.1438 60.1449 60.1459 60.1469 60.1478 60.1488 60.1496 60.1505 60.1513 60.1521 60.1529 60.1536 60.1543 60.155 60.1557 60.1563
60 60 60 60.0059 60.0115 60.017 60.0223 60.0275 60.0325 60.0373 60.042 60.0465 60.0509 60.0552 60.0593 60.0632 60.0671 60.0708 60.0744 60.0779 60.0812 60.0845 60.0876 60.0906 60.0936 60.0964 60.0991 60.1018 60.1043 60.1068 60.1092 60.1115 60.1137 60.1158 60.1179 60.1199 60.1219 60.1237 60.1255 60.1273 60.129 60.1306 60.1321 60.1337 60.1351 60.1365 60.1379 60.1392 60.1405 60.1417 60.1429 60.144 60.1451 60.1462 60.1472 60.1482 60.1492 60.1501 60.151 60.1519 60.1527 60.1535 60.1543 60.155 60.1558 60.1565 60.1571 60.1578
60 60 60 60.0059 60.0116 60.0171 60.0225 60.0277 60.0327 60.0376 60.0423 60.0468 60.0513 60.0555 60.0597 60.0637 60.0675 60.0713 60.0749 60.0784 60.0818 60.0851 60.0882 60.0913 60.0942 60.0971 60.0998 60.1025 60.1051 60.1076 60.11 60.1123 60.1146 60.1167 60.1188 60.1208 60.1228 60.1247 60.1265 60.1283 60.13 60.1316 60.1332 60.1347 60.1362 60.1376 60.139 60.1403 60.1416 60.1428 60.144 60.1452 60.1463 60.1474 60.1484 60.1494 60.1504 60.1513 60.1522 60.1531 60.1539 60.1548 60.1555 60.1563 60.157 60.1577 60.1584 60.1591
60 60 60 60.0059 60.0116 60.0172 60.0226 60.0278 60.0329 60.0378 60.0425 60.0471 60.0515 60.0558 60.06 60.064 60.0679 60.0717 60.0753 60.0789 60.0823 60.0856 60.0888 60.0918 60.0948 60.0977 60.1005 60.1032 60.1058 60.1083 60.1107 60.113 60.1153 60.1175 60.1196 60.1216 60.1236 60.1255 60.1273 60.1291 60.1308 60.1325 60.1341 60.1356 60.1371 60.1386 60.1399 60.1413 60.1426 60.1438 60.145 60.1462 60.1473 60.1484 60.1495 60.1505 60.1514 60.1524 60.1533 60.1542 60.155 60.1558 60.1566 60.1574 60.1581 60.1589 60.1595 60.1602
60 60 60 60.0059 60.0117 60.0173 60.0227 60.0279 60.033 60.0379 60.0427 60.0473 60.0518 60.0561 60.0603 60.0644 60.0683 60.0721 60.0757 60.0793 60.0827 60.086 60.0892 60.0923 60.0953 60.0982 60.101 60.1037 60.1063 60.1089 60.1113 60.1137 60.1159 60.1181 60.1203 60.1223 60.1243 60.1262 60.1281 60.1299 60.1316 60.1332 60.1349 60.1364 60.1379 60.1394 60.1408 60.1421 60.1434 60.1447 60.1459 60.1471 60.1482 60.1493 60.1503 60.1514 60.1523 60.1533 60.1542 60.1551 60.156 60.1568 60.1576 60.1583 60.1591 60.1598 60.1605 60.1612
60 60 60 60.006 60.0117 60.0173 60.0228 60.028 60.0331 60.0381 60.0429 60.0475 60.052 60.0563 60.0605 60.0646 60.0685 60.0724 60.076 60.0796 60.0831 60.0864 60.0896 60.0927 60.0957 60.0987 60.1015 60.1042 60.1068 60.1094 60.1118 60.1142 60.1165 60.1187 60.1208 60.1229 60.1249 60.1268 60.1287 60.1305 60.1322 60.1339 60.1355 60.1371 60.1386 60.14 60.1414 60.1428 60.1441 60.1454 60.1466 60.1478 60.1489 60.15 60.1511 60.1521 60.1531 60.1541 60.155 60.1559 60.1567 60.1576 60.1584 60.1591 60.1599 60.1606 60.1613 60.162
60 60 60 60.006 60.0118 60.0174 60.0228 60.0281 60.0332 60.0382 60.043 60.0477 60.0522 60.0565 60.0607 60.0648 60.0688 60.0726 60.0763 60.0799 60.0833 60.0867 60.0899 60.093 60.0961 60.099 60.1018 60.1046 60.1072 60.1097 60.1122 60.1146 60.1169 60.1191 60.1213 60.1233 60.1253 60.1273 60.1291 60.131 60.1327 60.1344 60.136 60.1376 60.1391 60.1406 60.142 60.1433 60.1447 60.1459 60.1472 60.1484 60.1495 60.1506 60.1517 60.1527 60.1537 60.1547 60.1556 60.1565 60.1573 60.1582 60.159 60.1598 60.1605 60.1612 60.1619 60.1626
60 60 60 60.006 60.0118 60.0174 60.0229 60.0282 60.0333 60.0383 60.0431 60.0478 60.0523 60.0567 60.0609 60.065 60.0689 60.0728 60.0765 60.0801 60.0835 60.0869 60.0901 60.0933 60.0963 60.0993 60.1021 60.1048 60.1075 60.11 60.1125 60.1149 60.1172 60.1194 60.1216 60.1237 60.1257 60.1276 60.1295 60.1313 60.1331 60.1348 60.1364 60.138 60.1395 60.141 60.1424 60.1438 60.1451 60.1464 60.1476 60.1488 60.1499 60.151 60.1521 60.1531 60.1541 60.1551 60.156 60.1569 60.1578 60.1586 60.1595 60.1602 60.161 60.1617 60.1624 60.1631
60 60 60 60.006 60.0118 60.0175 60.0229 60.0282 60.0334 60.0383 60.0432 60.0478 60.0524 60.0567 60.061 60.0651 60.0691 60.0729 60.0766 60.0802 60.0837 60.0871 60.0903 60.0934 60.0965 60.0994 60.1023 60.105 60.1077 60.1102 60.1127 60.1151 60.1174 60.1197 60.1218 60.1239 60.1259 60.1279 60.1297 60.1316 60.1333 60.135 60.1367 60.1382 60.1398 60.1412 60.1427 60.144 60.1454 60.1466 60.1479 60.1491 60.1502 60.1513 60.1524 60.1534 60.1544 60.1554 60.1563 60.1572 60.1581 60.159 60.1598 60.1606 60.1613 60.162 60.1627 60.1634
60 60 60 60.006 60.0118 60.0175 60.0229 60.0282 60.0334 60.0384 60.0432 60.0479 60.0524 60.0568 60.061 60.0651 60.0691 60.073 60.0767 60.0803 60.0838 60.0871 60.0904 60.0935 60.0966 60.0995 60.1024 60.1051 60.1078 60.1103 60.1128 60.1152 60.1175 60.1198 60.1219 60.124 60.126 60.128 60.1299 60.1317 60.1334 60.1351 60.1368 60.1384 60.1399 60.1414 60.1428 60.1442 60.1455 60.1468 60.148 60.1492 60.1504 60.1515 60.1526 60.1536 60.1546 60.1556 60.1565 60.1574 60.1583 60.1591 60.1599 60.1607 60.1615 60.1622 60.1629 60.1636
60 60 60 60.006 60.0118 60.0175 60.0229 60.0282 60.0334 60.0384 60.0432 60.0479 60.0524 60.0568 60.061 60.0651 60.0691 60.073 60.0767 60.0803 60.0838 60.0871 60.0904 60.0935 60.0966 60.0995 60.1024 60.1051 60.1078 60.1103 60.1128 60.1152 60.1175 60.1198 60.1219 60.124 60.126 60.128 60.1299 60.1317 60.1334 60.1351 60.1368 60.1384 60.1399 60.1414 60.1428 60.1442 60.1455 60.1468 60.148 60.1492 60.1504 60.1515 60.1526 60.1536 60.1546 60.1556 60.1565 60.1574 60.1583 60.1591 60.1599 60.1607 60.1615 60.1622 60.1629 60.1636
60 60 60 60.006 60.0118 60.0175 60.0229 60.0282 60.0334 60.0383 60.0432 60.0478 60.0524 60.0567 60.061 60.0651 60.0691 60.0729 60.0766 60.0802 60.0837 60.0871 60.0903 60.0934 60.0965 60.0994 60.1023 60.105 60.1077 60.1102 60.1127 60.1151 60.1174 60.1197 60.1218 60.1239 60.1259 60.1279 60.1297 60.1316 60.1333 60.135 60.1367 60.1382 60.1398 60.1412 60.1427 60.144 60.1454 60.1466 60.1479 60.1491 60.1502 60.1513 60.1524 60.1534 60.1544 60.1554 60.1563 60.1572 60.1581 60.159 60.1598 60.1606 60.1613 60.162 60.1627 60.1634
60 60 60 60.006 60.0118 60.0174 60.0229 60.0282 60.0333 60.0383 60.0431 60.0478 60.0523 60.0567 60.0609 60.065 60.0689 60.0728 60.0765 60.0801 60.0835 60.0869 60.0901 60.0933 60.0963 60.0993 60.1021 60.1048 60.1075 60.11 60.1125 60.1149 60.1172 60.1194 60.1216 60.1237 60.1257 60.1276 60.1295 60.1313 60.1331 60.1348 60.1364 60.138 60.1395 60.141 60.1424 60.1438 60.1451 60.1464 60.1476 60.1488 60.1499 60.151 60.1521 60.1531 60.1541 60.1551 60.156 60.1569 60.1578 60.1586 60.1595 60.1602 60.161 60.1617 60.1624 60.1631
60 60 60 60.006 60.0118 60.0174 60.0228 60.0281 60.0332 60.0382 60.043 60.0477 60.0522 60.0565 60.0607 60.0648 60.0688 60.0726 60.0763 60.0799 60.0833 60.0867 60.0899 60.093 60.0961 60.099 60.1018 60.1046 60.1072 60.1097 60.1122 60.1146 60.1169 60.1191 60.1213 60.1233 60.1253 60.1273 60.1291 60.131 60.1327 60.1344 60.136 60.1376 60.1391 60.1406 60.142 60.1433 60.1447 60.1459 60.1472 60.1484 60.1495 60.1506 60.1517 60.1527 60.1537 60.1547 60.1556 60.1565 60.1573 60.1582 60.159 60.1598 60.1605 60.1612 60.1619 60.1626
60 60 60 60.006 60.0117 60.0173 60.0228 60.028 60.0331 60.0381 60.0429 60.0475 60.052 60.0563 60.0605 60.0646 60.0685 60.0724 60.076 60.0796 60.0831 60.0864 60.0896 60.0927 60.0957 60.0987 60.1015 60.1042 60.1068 60.1094 60.1118 60.1142 60.1165 60.1187 60.1208 60.1229 60.1249 60.1268 60.1287 60.1305 60.1322 60.1339 60.1355 60.1371 60.1386 60.14 60.1414 60.1428 60.1441 60.1454 60.1466 60.1478 60.1489 60.15 60.1511 60.1521 60.1531 60.1541 60.155 60.1559 60.1567 60.1576 60.1584 60.1591 60.1599 60.1606 60.1613 60.162
60 60 60 60.0059 60.0117 60.0173 60.0227 60.0279 60.033 60.0379 60.0427 60.0473 60.0518 60.0561 60.0603 60.0644 60.0683 60.0721 60.0757 60.0793 60.0827 60.086 60.0892 60.0923 60.0953 60.0982 60.101 60.1037 60.1063 60.1089 60.1113 60.1137 60.1159 60.1181 60.1203 60.1223 60.1243 60.1262 60.1281 60.1299 60.1316 60.1332 60.1349 60.1364 60.1379 60.1394 60.1408 60.1421 60.1434 60.1447 60.1459 60.1471 60.1482 60.1493 60.1503 60.1514 60.1523 60.1533 60.1542 60.1551 60.156 60.1568 60.1576 60.1583 60.1591 60.1598 60.1605 60.1612
60 60 60 60.0059 60.0116 60.0172 60.0226 60.0278 60.0329 60.0378 60.0425 60.0471 60.0515 60.0558 60.06 60.064 60.0679 60.0717 60.0753 60.0789 60.0823 60.0856 60.0888 60.0918 60.0948 60.0977 60.1005 60.1032 60.1058 60.1083 60.1107 60.113 60.1153 60.1175 60.1196 60.1216 60.1236 60.1255 60.1273 60.1291 60.1308 60.1325 60.1341 60.1356 60.1371 60.1386 60.1399 60.1413 60.1426 60.1438 60.145 60.1462 60.1473 60.1484 60.1495 60.1505 60.1514 60.1524 60.1533 60.1542 60.155 60.1558 60.1566 60.1574 60.1581 60.1589 60.1595 60.1602
60 60 60 60.0059 60.0116 60.0171 60.0225 60.0277 60.0327 60.0376 60.0423 60.0468 60.0513 60.0555 60.0597 60.0637 60.0675 60.0713 60.0749 60.0784 60.0818 60.0851 60.0882 60.0913 60.0942 60.0971 60.0998 60.1025 60.1051 60.1076 60.11 60.1123 60.1146 60.1167 60.1188 60.1208 60.1228 60.1247 60.1265 60.1283 60.13 60.1316 60.1332 60.1347 60.1362 60.1376 60.139 60.1403 60.1416 60.1428 60.144 60.1452 60.1463 60.1474 60.1484 60.1494 60.1504 60.1513 60.1522 60.1531 60.1539 60.1548 60.1555 60.1563 60.157 60.1577 60.1584 60.1591
60 60 60 60.0059 60.0115 60.017 60.0223 60.0275 60.0325 60.0373 60.042 60.0465 60.0509 60.0552 60.0593 60.0632 60.0671 60.0708 60.0744 60.0779 60.0812 60.0845 60.0876 60.0906 60.0936 60.0964 60.0991 60.1018 60.1043 60.1068 60.1092 60.1115 60.1137 60.1158 60.1179 60.1199 60.1219 60.1237 60.1255 60.1273 60.129 60.1306 60.1321 60.1337 60.1351 60.1365 60.1379 60.1392 60.1405 60.1417 60.1429 60.144 60.1451 60.1462 60.1472 60.1482 60.1492 60.1501 60.151 60.1519 60.1527 60.1535 60.1543 60.155 60.1558 60.1565 60.1571 60.1578
60 60 60 60.0058 60.0114 60.0169 60.0222 60.0273 60.0323 60.0371 60.0417 60.0462 60.0506 60.0548 60.0588 60.0628 60.0666 60.0703 60.0738 60.0773 60.0806 60.0838 60.0869 60.0899 60.0928 60.0956 60.0983 60.1009 60.1035 60.1059 60.1083 60.1105 60.1127 60.1149 60.1169 60.1189 60.1208 60.1227 60.1244 60.1262 60.1278 60.1294 60.131 60.1325 60.1339 60.1353 60.1367 60.138 60.1392 60.1404 60.1416 60.1427 60.1438 60.1449 60.1459 60.1469 60.1478 60.1488 60.1496 60.1505 60.1513 60.1521 60.1529 60.1536 60.1543 60.155 60.1557 60.1563
60 60 60 60.0058 60.0114 60.0168 60.022 60.0271 60.032 60.0368 60.0414 60.0458 60.0501 60.0543 60.0583 60.0622 60.066 60.0697 60.0732 60.0766 60.0799 60.083 60.0861 60.0891 60.092 60.0947 60.0974 60.1 60.1025 60.1049 60.1072 60.1095 60.1117 60.1138 60.1158 60.1177 60.1196 60.1215 60.1232 60.1249 60.1266 60.1282 60.1297 60.1312 60.1326 60.134 60.1353 60.1366 60.1378 60.139 60.1402 60.1413 60.1424 60.1434 60.1444 60.1454 60.1463 60.1472 60.1481 60.149 60.1498 60.1506 60.1513 60.152 60.1527 60.1534 60.1541 60.1547
60 60 60 60.0057 60.0113 60.0166 60.0218 60.0269 60.0317 60.0365 60.041 60.0454 60.0497 60.0538 60.0578 60.0617 60.0654 60.069 60.0725 60.0758 60.0791 60.0822 60.0853 60.0882 60.091 60.0938 60.0964 60.099 60.1014 60.1038 60.1061 60.1083 60.1105 60.1126 60.1146 60.1165 60.1183 60.1202 60.1219 60.1236 60.1252 60.1268 60.1283 60.1297 60.1311 60.1325 60.1338 60.1351 60.1363 60.1375 60.1386 60.1397 60.1408 60.1418 60.1428 60.1438 60.1447 60.1456 60.1464 60.1473 60.1481 60.1488 60.1496 60.1503 60.151 60.1517 60.1523 60.1529
