example_dataset/slbl_test-1_INVERSE_mask-1_thick2.asc
ncols 	 300
nrows 	 600
xllcorner 	 10.000
yllcorner 	 55.000
cellsize 	 2.000
NODATA_value 	 -99
[rows 60 to 89 of 600, columns 136 to 203 of 300]
60.1661 60.1662 60.1662 60.1662 60.1662 60.1663 60.1663 60.1663 60.1663 60.1663 60.1663 60.1663 60.1663 60.1663 60.1663 60.1663 60.1663 60.1663 60.1663 60.1663 60.1663 60.1663 60.1662 60.1662 60.1662 60.1662 60.1661 60.1661 60.1661 60.166 60.166 60.1659 60.1659 60.1658 60.1658 60.1657 60.1657 60.1656 60.1656 60.1655 60.1654 60.1653 60.1653 60.1652 60.1651 60.165 60.1649 60.1648 60.1647 60.1646 60.1645 60.1644 60.1642 60.1641 60.164 60.1638 60.1637 60.1635 60.1634 60.1632 60.1631 60.1629 60.1627 60.1625 60.1623 60.1621 60.1619 60.1617
60.1638 60.1638 60.1638 60.1639 60.1639 60.1639 60.1639 60.1639 60.1639 60.164 60.164 60.164 60.164 60.164 60.164 60.164 60.164 60.164 60.1639 60.1639 60.1639 60.1639 60.1639 60.1639 60.1638 60.1638 60.1638 60.1637 60.1637 60.1637 60.1636 60.1636 60.1635 60.1635 60.1634 60.1634 60.1633 60.1633 60.1632 60.1631 60.1631 60.163 60.1629 60.1628 60.1627 60.1627 60.1626 60.1625 60.1624 60.1623 60.1621 60.162 60.1619 60.1618 60.1617 60.1615 60.1614 60.1612 60.1611 60.1609 60.1608 60.1606 60.1604 60.1602 60.16 60.1598 60.1596 60.1594
60.1612 60.1613 60.1613 60.1613 60.1613 60.1614 60.1614 60.1614 60.1614 60.1614 60.1614 60.1614 60.1614 60.1614 60.1614 60.1614 60.1614 60.1614 60.1614 60.1614 60.1614 60.1614 60.1613 60.1613 60.1613 60.1613 60.1612 60.1612 60.1612 60.1611 60.1611 60.161 60.161 60.161 60.1609 60.1608 60.1608 60.1607 60.1607 60.1606 60.1605 60.1605 60.1604 60.1603 60.1602 60.1601 60.16 60.1599 60.1598 60.1597 60.1596 60.1595 60.1594 60.1593 60.1591 60.159 60.1589 60.1587 60.1586 60.1584 60.1583 60.1581 60.1579 60.1578 60.1576 60.1574 60.1572 60.157
60.1585 60.1585 60.1586 60.1586 60.1586 60.1586 60.1586 60.1587 60.1587 60.1587 60.1587 60.1587 60.1587 60.1587 60.1587 60.1587 60.1587 60.1587 60.1587 60.1587 60.1586 60.1586 60.1586 60.1586 60.1586 60.1585 60.1585 60.1585 60.1584 60.1584 60.1584 60.1583 60.1583 60.1582 60.1582 60.1581 60.1581 60.158 60.158 60.1579 60.1578 60.1577 60.1577 60.1576 60.1575 60.1574 60.1573 60.1572 60.1571 60.157 60.1569 60.1568 60.1567 60.1566 60.1565 60.1563 60.1562 60.1561 60.1559 60.1558 60.1556 60.1554 60.1553 60.1551 60.1549 60.1547 60.1545 60.1543
60.1556 60.1556 60.1557 60.1557 60.1557 60.1557 60.1557 60.1557 60.1558 60.1558 60.1558 60.1558 60.1558 60.1558 60.1558 60.1558 60.1558 60.1558 60.1558 60.1557 60.1557 60.1557 60.1557 60.1557 60.1557 60.1556 60.1556 60.1556 60.1555 60.1555 60.1555 60.1554 60.1554 60.1553 60.1553 60.1552 60.1552 60.1551 60.1551 60.155 60.1549 60.1549 60.1548 60.1547 60.1546 60.1545 60.1545 60.1544 60.1543 60.1542 60.1541 60.154 60.1538 60.1537 60.1536 60.1535 60.1533 60.1532 60.1531 60.1529 60.1528 60.1526 60.1524 60.1523 60.1521 60.1519 60.1517 60.1515
60.1525 60.1525 60.1526 60.1526 60.1526 60.1526 60.1526 60.1527 60.1527 60.1527 60.1527 60.1527 60.1527 60.1527 60.1527 60.1527 60.1527 60.1527 60.1527 60.1527 60.1526 60.1526 60.1526 60.1526 60.1526 60.1525 60.1525 60.1525 60.1524 60.1524 60.1524 60.1523 60.1523 60.1522 60.1522 60.1522 60.1521 60.152 60.152 60.1519 60.1519 60.1518 60.1517 60.1516 60.1516 60.1515 60.1514 60.1513 60.1512 60.1511 60.151 60.1509 60.1508 60.1507 60.1506 60.1504 60.1503 60.1502 60.15 60.1499 60.1497 60.1496 60.1494 60.1493 60.1491 60.1489 60.1487 60.1485
60.1492 60.1493 60.1493 60.1493 60.1493 60.1493 60.1494 60.1494 60.1494 60.1494 60.1494 60.1494 60.1494 60.1494 60.1494 60.1494 60.1494 60.1494 60.1494 60.1494 60.1494 60.1493 60.1493 60.1493 60.1493 60.1493 60.1492 60.1492 60.1492 60.1491 60.1491 60.1491 60.149 60.149 60.1489 60.1489 60.1488 60.1488 60.1487 60.1487 60.1486 60.1485 60.1485 60.1484 60.1483 60.1482 60.1481 60.1481 60.148 60.1479 60.1478 60.1477 60.1476 60.1475 60.1473 60.1472 60.1471 60.147 60.1468 60.1467 60.1465 60.1464 60.1462 60.1461 60.1459 60.1457 60.1455 60.1453
60.1458 60.1458 60.1458 60.1459 60.1459 60.1459 60.1459 60.1459 60.1459 60.1459 60.1459 60.146 60.146 60.146 60.146 60.146 60.1459 60.1459 60.1459 60.1459 60.1459 60.1459 60.1459 60.1459 60.1458 60.1458 60.1458 60.1458 60.1457 60.1457 60.1457 60.1456 60.1456 60.1455 60.1455 60.1454 60.1454 60.1453 60.1453 60.1452 60.1452 60.1451 60.145 60.145 60.1449 60.1448 60.1447 60.1446 60.1446 60.1445 60.1444 60.1443 60.1442 60.1441 60.1439 60.1438 60.1437 60.1436 60.1434 60.1433 60.1432 60.143 60.1429 60.1427 60.1425 60.1424 60.1422 60.142
60.1421 60.1422 60.1422 60.1422 60.1422 60.1423 60.1423 60.1423 60.1423 60.1423 60.1423 60.1423 60.1423 60.1423 60.1423 60.1423 60.1423 60.1423 60.1423 60.1423 60.1423 60.1423 60.1422 60.1422 60.1422 60.1422 60.1421 60.1421 60.1421 60.1421 60.142 60.142 60.1419 60.1419 60.1419 60.1418 60.1418 60.1417 60.1417 60.1416 60.1415 60.1415 60.1414 60.1413 60.1413 60.1412 60.1411 60.141 60.141 60.1409 60.1408 60.1407 60.1406 60.1405 60.1404 60.1402 60.1401 60.14 60.1399 60.1397 60.1396 60.1395 60.1393 60.1392 60.139 60.1388 60.1387 60.1385
60.1383 60.1384 60.1384 60.1384 60.1384 60.1384 60.1384 60.1385 60.1385 60.1385 60.1385 60.1385 60.1385 60.1385 60.1385 60.1385 60.1385 60.1385 60.1385 60.1385 60.1384 60.1384 60.1384 60.1384 60.1384 60.1384 60.1383 60.1383 60.1383 60.1382 60.1382 60.1382 60.1381 60.1381 60.1381 60.138 60.138 60.1379 60.1379 60.1378 60.1377 60.1377 60.1376 60.1376 60.1375 60.1374 60.1373 60.1373 60.1372 60.1371 60.137 60.1369 60.1368 60.1367 60.1366 60.1365 60.1364 60.1363 60.1361 60.136 60.1359 60.1357 60.1356 60.1354 60.1353 60.1351 60.1349 60.1348
60.1343 60.1344 60.1344 60.1344 60.1344 60.1344 60.1344 60.1345 60.1345 60.1345 60.1345 60.1345 60.1345 60.1345 60.1345 60.1345 60.1345 60.1345 60.1345 60.1345 60.1344 60.1344 60.1344 60.1344 60.1344 60.1344 60.1343 60.1343 60.1343 60.1342 60.1342 60.1342 60.1341 60.1341 60.1341 60.134 60.134 60.1339 60.1339 60.1338 60.1338 60.1337 60.1336 60.1336 60.1335 60.1334 60.1334 60.1333 60.1332 60.1331 60.133 60.1329 60.1329 60.1328 60.1327 60.1325 60.1324 60.1323 60.1322 60.1321 60.1319 60.1318 60.1317 60.1315 60.1314 60.1312 60.1311 60.1309
60.1301 60.1302 60.1302 60.1302 60.1302 60.1302 60.1303 60.1303 60.1303 60.1303 60.1303 60.1303 60.1303 60.1303 60.1303 60.1303 60.1303 60.1303 60.1303 60.1303 60.1303 60.1302 60.1302 60.1302 60.1302 60.1302 60.1301 60.1301 60.1301 60.1301 60.13 60.13 60.13 60.1299 60.1299 60.1298 60.1298 60.1298 60.1297 60.1297 60.1296 60.1295 60.1295 60.1294 60.1294 60.1293 60.1292 60.1291 60.1291 60.129 60.1289 60.1288 60.1287 60.1286 60.1285 60.1284 60.1283 60.1282 60.1281 60.128 60.1279 60.1277 60.1276 60.1274 60.1273 60.1272 60.127 60.1268
60.1258 60.1258 60.1258 60.1258 60.1259 60.1259 60.1259 60.1259 60.1259 60.1259 60.1259 60.1259 60.1259 60.1259 60.1259 60.1259 60.1259 60.1259 60.1259 60.1259 60.1259 60.1259 60.1259 60.1258 60.1258 60.1258 60.1258 60.1258 60.1257 60.1257 60.1257 60.1256 60.1256 60.1256 60.1255 60.1255 60.1255 60.1254 60.1254 60.1253 60.1253 60.1252 60.1251 60.1251 60.125 60.125 60.1249 60.1248 60.1247 60.1247 60.1246 60.1245 60.1244 60.1243 60.1242 60.1241 60.124 60.1239 60.1238 60.1237 60.1236 60.1235 60.1233 60.1232 60.123 60.1229 60.1228 60.1226
60.1212 60.1213 60.1213 60.1213 60.1213 60.1213 60.1213 60.1213 60.1214 60.1214 60.1214 60.1214 60.1214 60.1214 60.1214 60.1214 60.1214 60.1214 60.1214 60.1213 60.1213 60.1213 60.1213 60.1213 60.1213 60.1213 60.1212 60.1212 60.1212 60.1212 60.1211 60.1211 60.1211 60.121 60.121 60.121 60.1209 60.1209 60.1208 60.1208 60.1207 60.1207 60.1206 60.1206 60.1205 60.1204 60.1204 60.1203 60.1202 60.1202 60.1201 60.12 60.1199 60.1198 60.1197 60.1197 60.1196 60.1195 60.1193 60.1192 60.1191 60.119 60.1189 60.1187 60.1186 60.1185 60.1183 60.1182
60.1165 60.1165 60.1165 60.1166 60.1166 60.1166 60.1166 60.1166 60.1166 60.1166 60.1166 60.1166 60.1166 60.1166 60.1166 60.1166 60.1166 60.1166 60.1166 60.1166 60.1166 60.1166 60.1166 60.1166 60.1165 60.1165 60.1165 60.1165 60.1165 60.1164 60.1164 60.1164 60.1163 60.1163 60.1163 60.1162 60.1162 60.1162 60.1161 60.1161 60.116 60.116 60.1159 60.1159 60.1158 60.1157 60.1157 60.1156 60.1156 60.1155 60.1154 60.1153 60.1153 60.1152 60.1151 60.115 60.1149 60.1148 60.1147 60.1146 60.1145 60.1144 60.1143 60.1141 60.114 60.1139 60.1137 60.1136
60.1116 60.1116 60.1116 60.1116 60.1117 60.1117 60.1117 60.1117 60.1117 60.1117 60.1117 60.1117 60.1117 60.1117 60.1117 60.1117 60.1117 60.1117 60.1117 60.1117 60.1117 60.1117 60.1117 60.1116 60.1116 60.1116 60.1116 60.1116 60.1115 60.1115 60.1115 60.1115 60.1114 60.1114 60.1114 60.1113 60.1113 60.1113 60.1112 60.1112 60.1111 60.1111 60.111 60.111 60.1109 60.1109 60.1108 60.1107 60.1107 60.1106 60.1105 60.1105 60.1104 60.1103 60.1102 60.1102 60.1101 60.11 60.1099 60.1098 60.1097 60.1096 60.1094 60.1093 60.1092 60.1091 60.109 60.1088
60.1065 60.1065 60.1065 60.1065 60.1066 60.1066 60.1066 60.1066 60.1066 60.1066 60.1066 60.1066 60.1066 60.1066 60.1066 60.1066 60.1066 60.1066 60.1066 60.1066 60.1066 60.1066 60.1066 60.1065 60.1065 60.1065 60.1065 60.1065 60.1064 60.1064 60.1064 60.1064 60.1063 60.1063 60.1063 60.1063 60.1062 60.1062 60.1061 60.1061 60.1061 60.106 60.106 60.1059 60.1059 60.1058 60.1058 60.1057 60.1056 60.1056 60.1055 60.1054 60.1054 60.1053 60.1052 60.1051 60.105 60.105 60.1049 60.1048 60.1047 60.1046 60.1045 60.1044 60.1042 60.1041 60.104 60.1039
60.1012 60.1012 60.1012 60.1013 60.1013 60.1013 60.1013 60.1013 60.1013 60.1013 60.1013 60.1013 60.1013 60.1013 60.1013 60.1013 60.1013 60.1013 60.1013 60.1013 60.1013 60.1013 60.1013 60.1013 60.1012 60.1012 60.1012 60.1012 60.1012 60.1011 60.1011 60.1011 60.1011 60.101 60.101 60.101 60.101 60.1009 60.1009 60.1008 60.1008 60.1008 60.1007 60.1007 60.1006 60.1006 60.1005 60.1005 60.1004 60.1003 60.1003 60.1002 60.1001 60.1001 60.1 60.0999 60.0998 60.0998 60.0997 60.0996 60.0995 60.0994 60.0993 60.0992 60.0991 60.099 60.0989 60.0987
60.0957 60.0958 60.0958 60.0958 60.0958 60.0958 60.0958 60.0958 60.0958 60.0958 60.0958 60.0959 60.0959 60.0959 60.0959 60.0959 60.0958 60.0958 60.0958 60.0958 60.0958 60.0958 60.0958 60.0958 60.0958 60.0958 60.0957 60.0957 60.0957 60.0957 60.0957 60.0956 60.0956 60.0956 60.0956 60.0955 60.0955 60.0955 60.0954 60.0954 60.0954 60.0953 60.0953 60.0952 60.0952 60.0951 60.0951 60.095 60.095 60.0949 60.0949 60.0948 60.0947 60.0947 60.0946 60.0945 60.0945 60.0944 60.0943 60.0942 60.0941 60.094 60.094 60.0939 60.0938 60.0936 60.0935 60.0934
60.0901 60.0901 60.0901 60.0901 60.0902 60.0902 60.0902 60.0902 60.0902 60.0902 60.0902 60.0902 60.0902 60.0902 60.0902 60.0902 60.0902 60.0902 60.0902 60.0902 60.0902 60.0902 60.0902 60.0901 60.0901 60.0901 60.0901 60.0901 60.0901 60.09 60.09 60.09 60.09 60.09 60.0899 60.0899 60.0899 60.0898 60.0898 60.0898 60.0897 60.0897 60.0897 60.0896 60.0896 60.0895 60.0895 60.0894 60.0894 60.0893 60.0893 60.0892 60.0892 60.0891 60.089 60.089 60.0889 60.0888 60.0888 60.0887 60.0886 60.0885 60.0884 60.0883 60.0882 60.0881 60.088 60.0879
60.0843 60.0843 60.0843 60.0843 60.0843 60.0843 60.0843 60.0843 60.0844 60.0844 60.0844 60.0844 60.0844 60.0844 60.0844 60.0844 60.0844 60.0844 60.0844 60.0843 60.0843 60.0843 60.0843 60.0843 60.0843 60.0843 60.0843 60.0843 60.0842 60.0842 60.0842 60.0842 60.0842 60.0841 60.0841 60.0841 60.0841 60.084 60.084 60.084 60.0839 60.0839 60.0839 60.0838 60.0838 60.0838 60.0837 60.0837 60.0836 60.0836 60.0835 60.0835 60.0834 60.0833 60.0833 60.0832 60.0832 60.0831 60.083 60.083 60.0829 60.0828 60.0827 60.0826 60.0825 60.0825 60.0824 60.0823
60.0783 60.0783 60.0783 60.0783 60.0783 60.0783 60.0783 60.0783 60.0783 60.0783 60.0783 60.0783 60.0783 60.0783 60.0783 60.0783 60.0783 60.0783 60.0783 60.0783 60.0783 60.0783 60.0783 60.0783 60.0783 60.0783 60.0783 60.0782 60.0782 60.0782 60.0782 60.0782 60.0782 60.0781 60.0781 60.0781 60.0781 60.078 60.078 60.078 60.078 60.0779 60.0779 60.0779 60.0778 60.0778 60.0777 60.0777 60.0777 60.0776 60.0776 60.0775 60.0775 60.0774 60.0774 60.0773 60.0772 60.0772 60.0771 60.077 60.077 60.0769 60.0768 60.0767 60.0767 60.0766 60.0765 60.0764
60.0721 60.0721 60.0721 60.0721 60.0721 60.0721 60.0721 60.0721 60.0721 60.0721 60.0721 60.0721 60.0721 60.0721 60.0721 60.0721 60.0721 60.0721 60.0721 60.0721 60.0721 60.0721 60.0721 60.0721 60.0721 60.0721 60.0721 60.0721 60.072 60.072 60.072 60.072 60.072 60.072 60.0719 60.0719 60.0719 60.0719 60.0718 60.0718 60.0718 60.0718 60.0717 60.0717 60.0717 60.0716 60.0716 60.0716 60.0715 60.0715 60.0714 60.0714 60.0713 60.0713 60.0712 60.0712 60.0711 60.0711 60.071 60.071 60.0709 60.0708 60.0708 60.0707 60.0706 60.0705 60.0705 60.0704
60.0657 60.0657 60.0657 60.0657 60.0657 60.0657 60.0657 60.0657 60.0657 60.0657 60.0658 60.0658 60.0658 60.0658 60.0658 60.0658 60.0658 60.0657 60.0657 60.0657 60.0657 60.0657 60.0657 60.0657 60.0657 60.0657 60.0657 60.0657 60.0657 60.0656 60.0656 60.0656 60.0656 60.0656 60.0656 60.0655 60.0655 60.0655 60.0655 60.0655 60.0654 60.0654 60.0654 60.0654 60.0653 60.0653 60.0653 60.0652 60.0652 60.0651 60.0651 60.0651 60.065 60.065 60.0649 60.0649 60.0648 60.0648 60.0647 60.0647 60.0646 60.0646 60.0645 60.0644 60.0644 60.0643 60.0642 60.0642
60.0591 60.0591 60.0591 60.0591 60.0592 60.0592 60.0592 60.0592 60.0592 60.0592 60.0592 60.0592 60.0592 60.0592 60.0592 60.0592 60.0592 60.0592 60.0592 60.0592 60.0592 60.0592 60.0592 60.0591 60.0591 60.0591 60.0591 60.0591 60.0591 60.0591 60.0591 60.0591 60.059 60.059 60.059 60.059 60.059 60.059 60.0589 60.0589 60.0589 60.0589 60.0589 60.0588 60.0588 60.0588 60.0587 60.0587 60.0587 60.0586 60.0586 60.0586 60.0585 60.0585 60.0585 60.0584 60.0584 60.0583 60.0583 60.0582 60.0582 60.0581 60.0581 60.058 60.0579 60.0579 60.0578 60.0578
60.0524 60.0524 60.0524 60.0524 60.0524 60.0524 60.0524 60.0524 60.0524 60.0524 60.0524 60.0524 60.0524 60.0524 60.0524 60.0524 60.0524 60.0524 60.0524 60.0524 60.0524 60.0524 60.0524 60.0524 60.0524 60.0524 60.0524 60.0524 60.0524 60.0523 60.0523 60.0523 60.0523 60.0523 60.0523 60.0523 60.0523 60.0522 60.0522 60.0522 60.0522 60.0522 60.0521 60.0521 60.0521 60.0521 60.052 60.052 60.052 60.052 60.0519 60.0519 60.0519 60.0518 60.0518 60.0518 60.0517 60.0517 60.0516 60.0516 60.0515 60.0515 60.0514 60.0514 60.0513 60.0513 60.0512 60.0512
60.0454 60.0455 60.0455 60.0455 60.0455 60.0455 60.0455 60.0455 60.0455 60.0455 60.0455 60.0455 60.0455 60.0455 60.0455 60.0455 60.0455 60.0455 60.0455 60.0455 60.0455 60.0455 60.0455 60.0455 60.0455 60.0455 60.0454 60.0454 60.0454 60.0454 60.0454 60.0454 60.0454 60.0454 60.0454 60.0454 60.0453 60.0453 60.0453 60.0453 60.0453 60.0453 60.0452 60.0452 60.0452 60.0452 60.0452 60.0451 60.0451 60.0451 60.0451 60.045 60.045 60.045 60.0449 60.0449 60.0449 60.0448 60.0448 60.0448 60.0447 60.0447 60.0446 60.0446 60.0446 60.0445 60.0445 60.0444
60.0383 60.0383 60.0383 60.0383 60.0384 60.0384 60.0384 60.0384 60.0384 60.0384 60.0384 60.0384 60.0384 60.0384 60.0384 60.0384 60.0384 60.0384 60.0384 60.0384 60.0384 60.0384 60.0384 60.0383 60.0383 60.0383 60.0383 60.0383 60.0383 60.0383 60.0383 60.0383 60.0383 60.0383 60.0383 60.0383 60.0382 60.0382 60.0382 60.0382 60.0382 60.0382 60.0382 60.0381 60.0381 60.0381 60.0381 60.0381 60.0381 60.038 60.038 60.038 60.038 60.0379 60.0379 60.0379 60.0379 60.0378 60.0378 60.0378 60.0377 60.0377 60.0377 60.0376 60.0376 60.0376 60.0375 60.0375
60.031 60.031 60.031 60.031 60.0311 60.0311 60.0311 60.0311 60.0311 60.0311 60.0311 60.0311 60.0311 60.0311 60.0311 60.0311 60.0311 60.0311 60.0311 60.0311 60.0311 60.0311 60.0311 60.031 60.031 60.031 60.031 60.031 60.031 60.031 60.031 60.031 60.031 60.031 60.031 60.031 60.031 60.031 60.0309 60.0309 60.0309 60.0309 60.0309 60.0309 60.0309 60.0309 60.0308 60.0308 60.0308 60.0308 60.0308 60.0308 60.0307 60.0307 60.0307 60.0307 60.0307 60.0306 60.0306 60.0306 60.0306 60.0305 60.0305 60.0305 60.0304 60.0304 60.0304 60.0303
60.0236 60.0236 60.0236 60.0236 60.0236 60.0236 60.0236 60.0236 60.0236 60.0236 60.0236 60.0236 60.0236 60.0236 60.0236 60.0236 60.0236 60.0236 60.0236 60.0236 60.0236 60.0236 60.0236 60.0236 60.0236 60.0236 60.0236 60.0235 60.0235 60.0235 60.0235 60.0235 60.0235 60.0235 60.0235 60.0235 60.0235 60.0235 60.0235 60.0235 60.0235 60.0235 60.0234 60.0234 60.0234 60.0234 60.0234 60.0234 60.0234 60.0234 60.0234 60.0233 60.0233 60.0233 60.0233 60.0233 60.0233 60.0232 60.0232 60.0232 60.0232 60.0232 60.0232 60.0231 60.0231 60.0231 60.0231 60.023
